48 101 9961547435.0
48 1 9881256052.08
27 178 9309979145.62
48 27 9179288500.3
34 1 8998134567.56
13 178 8855407632.8
48 154 8405837231.78
34 178 8316539169.62
48 32 8303488846.03
33 1 7586104113.2
1 174 7547703810.01
1 119 7509412075.86
48 31 7444565299.5
47 1 7412821385.87
48 151 7408789160.09
1 173 7399213954.74
48 112 7335317492.03
48 102 7319223553.74
48 119 7189153535.72
48 100 7185293325.82
18 178 7010621143.67
28 178 6995555956.6
48 153 6939125478.52
14 178 6880513841.32
23 178 6860427845.19
48 152 6832712510.77
48 26 6771628738.83
48 92 6588076744.53
37 178 6442701521.94
22 178 6380065578.62
33 178 6263148995.41
12 178 6187633974.84
48 120 5961935576.3
46 1 5888195807.8
1 104 5694588243.78
16 178 5664370022.32
1 120 5565436575.44
48 93 5537961737.08
48 91 5535016844.45
48 110 5481195064.59
45 1 5398205904.49
48 5 5376173043.78
1 112 5365516109.84
48 33 5130183592.65
35 178 5072083630.13
36 178 5067069305.5
48 82 5007212296.38
48 84 4894635137.95
1 111 4830980079.18
1 118 4798742995.3
47 168 4770355842.94
35 175 4770263072.16
45 178 4718875718.09
16 44 4701023242.59
18 48 4697808042.23
48 114 4667794932.09
1 178 4666399792.16
18 174 4648715407.21
44 178 4646049740.56
24 60 4606188043.5
19 174 4593882991.35
23 31 4584294197.75
48 113 4564309284.53
48 10 4560469934.09
48 6 4528001811.34
8 15 4515341429.38
37 176 4509274879.43
7 87 4502825569.43
48 16 4497656904.69
36 175 4480468784.47
31 10 4466394799.95
37 170 4463026175.64
29 27 4461013577.08
1 172 4458967888.93
10 97 4443882457.23
4 43 4443514837.06
9 16 4437868208.0
36 176 4427744424.52
15 103 4426091317.41
8 88 4424363196.88
30 9 4420601088.86
12 103 4420438177.99
32 55 4420141608.22
11 15 4418496211.68
39 26 4415494796.09
36 160 4414310396.22
48 28 4387877247.25
25 62 4384408650.45
13 104 4382598513.73
34 175 4370786587.05
48 83 4370278613.8
41 172 4366871760.3
12 64 4356131190.4
2 90 4348308175.57
48 4 4345648121.5
14 10 4339604468.69
41 155 4339114243.65
32 4 4337144849.39
13 10 4329393286.57
18 144 4325862957.99
11 64 4325072164.28
44 1 4324318043.53
30 29 4312367642.34
37 19 4300365726.27
8 94 4297371154.88
40 28 4295094763.25
23 59 4293598116.46
15 66 4280802628.88
10 80 4270839096.9
36 44 4267549098.04
7 28 4253362858.12
19 18 4248471414.3
48 111 4246568290.28
17 174 4246141857.09
42 149 4245980490.83
48 22 4242626124.29
19 25 4240580158.88
31 9 4237156274.88
32 12 4229002997.27
18 173 4226146016.23
27 64 4221940902.08
42 172 4216292362.19
43 74 4212670046.52
30 75 4209906641.0
18 19 4200421624.22
36 19 4175164794.11
16 91 4172690666.45
44 78 4171780897.94
24 61 4164113669.57
31 78 4161773410.11
44 76 4160479067.19
33 87 4155390214.4
25 168 4151945460.28
10 15 4144857110.83
38 82 4140586377.77
41 154 4134193785.12
18 175 4130336524.86
9 142 4128058030.15
41 61 4126340380.2
10 96 4126080404.12
45 28 4122984434.74
33 5 4120123136.53
23 30 4119591455.0
28 47 4118199977.94
14 65 4117258546.22
23 74 4110061750.74
48 15 4107654434.69
28 25 4103198092.93
24 31 4102471755.93
43 73 4091764882.91
18 133 4090736715.53
14 103 4079829633.76
17 133 4072476080.52
10 98 4070864209.94
25 79 4057789500.99
37 174 4055686653.62
29 28 4055100205.52
25 20 4050077746.91
4 147 4047827341.44
45 5 4045047081.78
38 76 4042734884.41
5 62 4036549804.7
22 30 4036303541.39
31 77 4026961176.74
23 75 4021191862.78
39 56 4018449290.48
25 80 4014494443.53
27 172 4013722392.32
46 178 4013181894.44
44 5 4011755572.34
12 10 4009048852.43
15 13 4007293586.39
13 65 4005407992.18
8 142 4003886579.61
32 5 4001046082.63
10 79 3999388984.11
33 86 3999351861.41
40 15 3989528422.42
35 41 3982900805.86
6 87 3981944513.74
40 16 3979818626.62
19 19 3964410516.47
20 93 3959910407.83
32 80 3959731352.32
20 54 3959435498.93
30 74 3956993392.33
18 17 3955541524.19
16 43 3952164946.48
31 11 3947873904.01
38 77 3940726496.72
33 37 3939217824.7
7 62 3936479135.43
28 26 3935127681.32
46 19 3933084973.59
37 20 3932007289.64
19 143 3929534724.07
48 157 3919331563.03
36 45 3919291743.09
31 79 3916765215.3
15 37 3899300207.32
32 160 3896359576.12
4 61 3896262537.53
39 27 3891352422.08
36 43 3891254400.77
25 78 3888187323.94
27 87 3879934407.53
22 73 3879533707.1
19 175 3875096564.53
15 14 3875054812.86
31 76 3871995724.44
27 24 3869898824.25
16 92 3869832958.21
18 18 3867915210.72
6 62 3867476224.95
17 47 3862820259.41
21 93 3862427027.12
48 9 3852291339.85
21 20 3850312643.37
22 22 3847976219.2
20 19 3842701703.99
17 68 3842431153.61
44 75 3841671721.02
17 46 3841018897.2
35 42 3838584745.78
16 67 3836963525.77
43 75 3836282316.49
19 144 3833757541.64
48 30 3832948045.82
43 35 3831923958.55
18 20 3830623471.18
9 95 3829622723.46
35 174 3824220977.93
46 164 3816851127.99
17 19 3814115150.53
48 8 3810840656.88
36 20 3805006416.59
24 76 3801285785.16
17 67 3790503772.99
27 86 3783825909.26
12 34 3766018938.52
4 62 3760693479.11
9 79 3758299972.9
21 71 3749207807.84
27 88 3743581438.85
10 14 3741096951.97
42 150 3736813174.94
7 66 3734593017.2
46 18 3733737629.41
33 6 3725215949.94
20 20 3720979656.19
46 17 3716290053.17
19 17 3715472714.84
45 127 3714474450.76
38 83 3711600512.82
38 170 3703532829.24
36 66 3702136093.72
19 133 3699196839.39
14 104 3693607603.72
35 166 3691832350.13
11 98 3689585413.66
27 85 3689190708.66
39 55 3686288621.94
14 13 3674599103.72
42 62 3673529407.07
26 81 3673213762.35
20 176 3672119359.65
39 175 3670525570.71
26 63 3662958706.95
45 164 3662064473.84
22 29 3657604029.45
13 12 3656257349.06
44 127 3654979310.73
38 51 3643254064.45
38 18 3637949043.35
45 160 3621776919.04
36 174 3613528847.62
4 146 3611833958.66
38 176 3611044364.58
38 178 3608201921.62
46 163 3607480058.72
32 3 3606536976.83
36 170 3602109114.72
20 94 3596583339.27
12 12 3596560445.15
38 52 3596153879.58
2 172 3583476552.27
15 91 3577270123.08
46 46 3577058187.03
46 16 3574764789.13
4 148 3565736437.97
33 88 3564938871.23
38 84 3564622662.74
18 49 3563173608.89
42 163 3562061162.91
16 55 3561634345.4
38 174 3556374803.24
20 92 3554673154.38
15 150 3553736339.75
18 176 3551545327.92
34 174 3551281162.2
17 176 3548178720.59
8 14 3546837698.93
26 84 3543911642.47
10 58 3543067203.41
19 20 3541173535.82
12 72 3540175777.63
1 144 3537315411.12
19 172 3536797692.28
23 32 3533978533.53
17 44 3533917240.55
5 147 3533816413.36
47 21 3531940179.39
44 77 3531694487.77
48 36 3529037637.82
30 8 3528941098.43
20 174 3525291197.75
19 176 3522203094.28
31 160 3521120649.75
43 173 3520540692.2
27 65 3502228769.18
20 55 3501086560.3
2 144 3499429696.35
24 59 3495206972.75
12 134 3494458669.78
37 18 3493819777.16
15 65 3482259919.22
48 109 3481916094.11
24 77 3480695279.16
26 64 3479226367.66
47 175 3478907625.48
9 78 3478401210.9
21 54 3478263489.94
14 102 3476498813.06
17 175 3471182652.84
17 18 3469605424.69
3 148 3468531428.53
41 174 3465287555.02
27 177 3462205748.09
21 173 3455180719.48
38 75 3453014537.99
33 160 3452851542.41
27 166 3452069623.25
15 102 3450685318.72
13 134 3448783932.93
16 175 3448518799.57
1 59 3448148815.75
7 27 3446646480.6
47 176 3445895137.78
19 128 3445017038.35
19 54 3442018299.44
6 86 3438157441.88
18 177 3438076030.08
19 92 3438036326.12
9 15 3435929631.8
27 84 3433477494.02
1 60 3431964632.13
39 3 3426818993.95
21 21 3422796035.24
20 175 3421971363.33
7 15 3420848933.43
15 79 3410348858.08
11 63 3407503059.46
19 173 3403176067.17
28 41 3402864121.38
12 11 3401067136.64
12 104 3400907362.16
19 158 3398957505.42
29 47 3397431859.22
39 25 3396644694.86
41 29 3392920909.62
9 88 3387130073.63
25 61 3383370629.91
44 28 3373653992.19
38 148 3367623382.06
46 6 3366423755.28
19 53 3363143844.78
4 8 3363019387.11
13 64 3359501299.27
48 118 3357427692.08
12 33 3357286128.45
27 63 3356303453.18
16 45 3355614601.32
25 167 3351121331.18
16 66 3350548529.69
24 167 3349745996.42
17 45 3347459340.74
33 13 3347040565.19
26 82 3339305897.76
46 5 3337196969.63
10 16 3336797826.33
20 21 3336707092.03
48 53 3335742072.59
8 16 3333231923.66
29 26 3332786894.19
20 26 3332492996.58
36 67 3332263983.93
13 103 3330815866.46
23 152 3330660148.87
48 57 3326323925.78
11 14 3321895499.13
48 142 3320120818.32
14 66 3312207350.77
9 17 3311244882.43
26 20 3307503722.95
20 143 3306267520.38
32 79 3306141137.88
42 63 3301340995.18
47 18 3299848142.28
23 58 3299710326.2
30 28 3293140291.24
42 69 3290517874.04
37 21 3290156898.74
32 56 3287244606.0
46 168 3286891451.48
47 19 3284061513.06
47 38 3282823718.07
37 50 3278200503.3
17 20 3277284459.52
45 16 3273038232.25
34 176 3267948457.44
47 39 3264339673.62
40 56 3263228080.85
40 29 3261015259.72
28 27 3260804560.18
36 65 3257092962.84
3 91 3255301097.35
26 62 3251083202.25
41 16 3247582233.92
35 43 3241752394.2
25 19 3240029183.6
48 23 3237723943.03
28 172 3236618800.19
26 5 3236599227.38
43 172 3236045811.39
38 54 3232352341.4
31 80 3231809403.27
31 8 3231033556.77
32 2 3229492008.27
29 74 3227731136.39
32 87 3216881542.2
31 2 3216318743.08
43 5 3212033170.94
28 24 3208825419.37
10 63 3208190744.02
47 22 3207649411.53
11 97 3207069980.06
32 81 3206736378.3
17 43 3202996748.43
3 149 3200415760.08
23 73 3198823333.59
12 9 3191138333.3
34 93 3189007874.34
32 159 3188137500.48
5 8 3187873650.62
38 81 3187198905.69
15 92 3185262742.4
36 42 3183327021.16
45 15 3179669393.09
34 37 3179473753.13
38 50 3176134383.28
41 62 3174774344.18
32 13 3163708124.07
32 86 3162385248.17
9 94 3161796798.19
23 60 3161459526.16
5 61 3160927990.22
9 58 3156481789.62
39 54 3155847101.85
8 141 3153172304.69
9 59 3151045090.56
24 78 3150888135.72
45 159 3150845132.87
39 84 3150613955.16
48 54 3150325263.03
4 23 3150238525.8
19 69 3149683193.23
46 20 3149331666.38
9 63 3144437373.99
16 14 3141766653.49
11 11 3138931637.27
18 16 3138409784.62
20 95 3137481451.94
42 35 3135869981.88
21 92 3132578925.8
6 139 3131258182.03
48 88 3128615686.66
47 54 3127441577.44
33 36 3126418633.44
35 160 3125057781.45
37 175 3123587326.03
15 36 3122919398.42
20 18 3122856346.14
28 48 3122182194.06
47 153 3121809221.43
37 45 3118967796.97
34 2 3111617480.13
47 20 3109522415.45
25 60 3107322133.83
38 19 3106088257.42
38 53 3105565728.74
40 3 3103213071.72
25 81 3101102729.77
12 133 3101058145.26
23 76 3094671912.52
22 72 3091397854.12
5 140 3089655214.34
3 64 3088820324.25
19 134 3084022741.42
47 154 3082429202.33
3 23 3081516162.44
33 85 3080209187.27
17 48 3079971528.84
20 96 3075158064.22
21 96 3072116108.03
45 163 3071785670.05
43 6 3070881066.28
13 11 3068716992.19
39 53 3062619726.07
27 66 3057588188.38
39 176 3056315230.18
48 104 3053730611.88
11 12 3053128098.88
21 72 3052348657.87
14 14 3052167840.27
34 160 3049648090.57
20 70 3047684036.93
33 4 3045183037.41
42 34 3039492537.94
34 58 3039329474.22
44 92 3036681939.38
32 6 3028176809.42
20 71 3025651567.2
38 171 3022113917.41
38 78 3021859889.22
45 6 3015964343.88
14 11 3015216385.7
17 177 3012185227.7
28 174 3012076319.16
7 88 3011728247.19
19 26 3009058833.66
48 147 3007996635.88
22 23 3001178040.89
9 96 2996172304.68
39 85 2994092495.84
28 173 2993974600.23
48 87 2992604964.47
7 14 2992415074.15
29 8 2988982109.85
40 17 2988861763.25
46 7 2988646971.08
32 78 2986799590.55
25 63 2985018023.63
9 60 2980528735.33
31 75 2979954263.84
21 172 2973746177.04
17 173 2973291757.18
8 62 2968244163.97
19 55 2966988368.95
37 49 2962487647.5
10 95 2961859991.94
1 108 2961858031.35
48 170 2961135002.14
41 60 2958123668.72
13 105 2956168264.17
16 11 2949693212.74
41 12 2948323725.08
24 32 2947349354.65
48 7 2941387647.0
48 105 2940853647.59
19 125 2938562665.7
1 145 2937509041.29
27 170 2936904990.4
27 164 2935895558.34
26 22 2935487106.66
7 155 2932215644.37
2 65 2931217462.89
8 87 2930649582.29
28 87 2922053479.2
41 163 2919097081.41
12 14 2918787479.75
30 30 2916856453.03
47 110 2913251953.8
42 154 2911801145.77
47 167 2911581120.43
3 145 2911059811.1
10 59 2908573805.62
42 155 2907727921.47
35 44 2906176333.24
31 31 2905222962.19
17 161 2904957649.06
28 88 2904036276.08
38 147 2902452615.6
29 72 2901735947.34
11 9 2900080021.26
15 11 2897549099.16
32 11 2896913564.82
24 168 2889928754.4
17 178 2889449658.34
45 161 2889427623.63
17 144 2887804745.52
30 76 2881923540.12
37 172 2881473204.47
26 83 2880071952.9
48 3 2879930865.62
47 169 2878934864.5
16 56 2876540064.42
15 10 2875280292.54
18 12 2874690322.82
31 29 2873454012.1
41 153 2873366137.48
2 119 2873049608.06
40 27 2873018266.44
7 154 2872787511.08
42 173 2867160827.03
24 3 2866253826.17
26 85 2864900149.21
43 151 2863715004.99
38 175 2863548385.22
41 173 2863236607.65
11 80 2862759234.26
4 149 2862297439.18
3 43 2861636420.47
2 91 2859249007.25
44 74 2858173251.4
22 153 2856838730.88
47 27 2855571251.6
15 38 2855100200.37
4 42 2854014619.36
1 21 2853885354.8
3 22 2853731999.53
43 79 2853421144.19
4 10 2852655085.4
41 164 2851101653.86
34 166 2850270444.66
10 78 2849604844.73
48 106 2849576540.74
38 146 2846490841.09
2 49 2845221741.6
12 65 2845007233.65
39 57 2844509021.45
13 133 2843381685.45
40 57 2839658822.7
44 79 2836101654.66
2 22 2835268859.47
18 50 2833556318.69
31 30 2833020645.93
14 39 2832948826.93
37 146 2831849785.99
19 93 2831603498.17
46 42 2828872342.06
41 20 2826072814.82
33 135 2824980161.72
45 12 2824367483.33
13 9 2822185847.02
25 166 2819990105.28
28 46 2818750945.58
39 2 2818256690.66
21 55 2817782609.32
8 60 2813833751.62
43 76 2811906877.91
2 146 2811756348.19
47 33 2811404869.47
47 111 2808620946.2
37 160 2808224215.7
9 14 2808198597.09
34 171 2808172730.19
12 90 2807904944.98
10 64 2803977773.3
2 41 2803781787.59
46 15 2803301163.19
42 134 2801427275.1
41 175 2800823320.89
34 92 2800734478.94
46 120 2799751281.8
29 175 2797311309.03
1 102 2796653302.34
48 50 2796522794.75
26 4 2796501747.62
18 130 2795494412.3
32 162 2792319838.19
43 7 2791097324.42
27 67 2790739827.08
27 83 2790251823.69
30 49 2789334391.36
46 47 2787768853.26
23 172 2786224912.23
22 74 2785741823.45
32 85 2785507448.94
33 14 2785265054.09
31 159 2781334478.5
40 172 2780881327.27
43 78 2779634939.57
27 41 2776925823.81
16 126 2775447370.38
48 89 2774111393.59
46 127 2771309220.11
14 36 2770854474.35
29 176 2768304667.06
37 65 2767630425.87
16 150 2762867911.62
42 151 2762492533.57
40 174 2761444410.06
16 176 2761210331.66
44 143 2755781832.66
47 112 2755041230.72
23 174 2754196559.98
24 79 2753727942.44
38 85 2752889571.12
9 143 2752711152.97
5 139 2752119161.3
29 48 2751895096.79
45 4 2751316100.8
47 26 2751110367.8
24 2 2749797025.03
5 11 2749607901.18
28 68 2748130670.89
5 65 2745088924.42
21 174 2744626458.13
2 60 2743444960.41
3 65 2728638823.7
25 3 2728485875.96
27 5 2727172122.56
21 94 2726728283.3
12 19 2726396582.23
11 99 2721938766.9
18 122 2721829734.16
2 173 2721751840.55
1 68 2721336517.8
18 172 2720813605.21
26 21 2719320812.32
1 90 2718829146.71
41 11 2718259557.01
41 63 2714760354.36
13 73 2713983860.45
18 58 2711057666.95
21 22 2710640587.63
23 171 2707994460.98
33 57 2705135889.59
18 132 2705009413.37
14 78 2704769481.53
47 49 2703357158.43
3 90 2702927569.66
1 67 2701675611.39
24 75 2699631895.3
12 73 2699031156.2
42 61 2697282812.24
8 28 2696212771.53
32 10 2695159135.57
9 128 2692627471.03
24 169 2691830875.62
32 33 2690817795.18
13 72 2689298529.33
25 169 2688073539.83
39 11 2687885586.62
45 27 2686727379.57
3 66 2686527975.41
35 40 2685216148.47
40 26 2681898887.22
38 172 2681195733.73
15 78 2681036298.38
48 99 2679842892.12
33 59 2677921424.24
47 44 2677107108.93
40 164 2675417285.24
44 41 2674230795.31
11 32 2673170558.08
37 71 2671763787.78
33 56 2671133894.75
1 107 2669767230.75
9 62 2669119293.32
14 38 2662889954.67
23 167 2661374396.56
43 72 2661269399.22
39 120 2660823800.19
31 32 2656112506.45
17 132 2649926086.85
29 73 2646232887.53
1 66 2645360194.05
41 15 2643999422.91
46 160 2641391829.6
18 23 2639573693.64
20 142 2639108882.03
8 96 2638308877.0
26 168 2633380161.66
19 21 2633353259.06
10 11 2632974371.38
42 12 2630883055.53
26 1 2626363639.61
6 140 2624847412.22
6 66 2623939358.44
26 80 2621294318.7
13 125 2620802154.74
37 72 2619956889.95
44 128 2619599849.16
27 23 2619011388.66
43 1 2618163903.32
17 54 2617337996.74
40 14 2612807355.42
36 64 2612724793.82
21 95 2610517433.19
22 154 2609946802.34
45 41 2605060108.73
17 145 2599094936.8
44 9 2598013151.47
33 167 2597422524.97
18 68 2597101575.83
48 108 2595111839.73
40 24 2594289177.3
11 33 2590028960.19
41 109 2589283338.14
47 40 2588396941.97
46 40 2584913536.19
18 56 2584038792.58
36 159 2583388378.87
37 177 2583068367.16
2 171 2580870727.12
34 6 2574254891.22
24 175 2574248694.97
6 65 2573434978.62
22 174 2572939198.32
37 171 2572609108.47
2 145 2571203350.82
38 17 2570368254.16
27 171 2569855912.53
36 177 2568688112.25
18 160 2568322301.24
14 105 2567984143.2
12 35 2567201863.57
18 128 2564180341.57
44 6 2563776214.13
42 136 2563631885.39
45 42 2562808403.54
3 146 2560642097.11
22 15 2554653815.05
29 122 2554377084.9
17 23 2549284728.82
38 6 2547197182.66
4 64 2546112615.76
34 161 2541849708.84
14 124 2541755336.16
22 16 2541565354.91
18 57 2539197047.37
27 165 2537993341.6
10 77 2537533487.69
12 147 2537451996.84
30 1 2536871686.41
36 165 2535882295.12
14 79 2535672543.32
43 163 2535172801.62
23 151 2533587339.62
42 135 2533363629.98
19 129 2533027028.47
44 12 2532801190.58
48 56 2531779728.66
16 39 2530325637.6
44 82 2526731670.0
12 146 2526562594.34
43 36 2526032745.8
48 81 2525676656.44
44 4 2524218489.2
19 177 2522338325.56
47 170 2521693462.63
48 146 2517756683.71
39 153 2516598004.01
39 12 2515185100.91
47 120 2512489903.03
42 15 2511765992.34
6 27 2511083662.05
8 13 2507283368.53
42 137 2505637561.77
45 17 2503760677.65
19 94 2503714096.12
48 94 2503433210.13
30 160 2503188794.94
38 71 2502618848.82
13 146 2501669409.66
44 2 2501073111.12
44 174 2500889961.65
47 119 2500327149.78
32 82 2499170078.57
38 160 2494072295.14
43 167 2491321893.16
39 174 2490281945.57
25 172 2490207816.68
26 166 2488038657.97
43 168 2485392074.84
28 165 2484490603.51
44 175 2483878399.53
43 8 2483419635.07
32 8 2482981472.66
39 13 2482800870.22
38 25 2482394076.57
39 169 2482041638.66
2 59 2480173011.93
12 15 2478093583.44
2 40 2477243399.61
42 33 2476595146.19
44 84 2474808710.56
7 60 2474692072.64
24 18 2473677992.22
45 3 2471341208.28
34 14 2469483811.12
7 152 2468710472.59
36 14 2467507121.08
12 59 2466534855.59
38 159 2464671418.44
7 153 2463984862.09
17 74 2461975525.71
3 118 2460986396.07
44 3 2460920385.85
13 132 2460209753.96
14 23 2458887709.16
47 32 2457519933.72
47 37 2456948420.37
39 83 2456766745.86
48 168 2454218561.5
43 177 2449832360.38
39 154 2448544998.84
16 74 2447247708.1
39 6 2446772472.85
34 149 2442911050.91
18 125 2438499634.8
47 147 2438193626.05
6 103 2437723068.08
20 156 2434955676.04
41 152 2434771938.08
42 68 2433484630.12
48 103 2432150853.27
36 101 2431497768.57
28 171 2431038799.03
15 77 2429497821.04
13 131 2428191923.72
12 76 2428104826.43
14 132 2427492170.28
15 57 2427016264.43
16 57 2426958781.22
16 77 2425232735.62
2 64 2425063738.72
10 81 2424890108.08
3 8 2419110261.73
43 96 2418766716.18
48 115 2417139188.22
35 177 2416917498.08
48 34 2414018882.47
17 38 2412677111.44
31 1 2408711294.38
17 22 2406664563.16
37 165 2405890537.48
44 131 2404747637.94
46 35 2401999200.97
24 123 2401734591.97
17 146 2400233962.53
17 99 2398775208.39
38 162 2397927305.04
13 34 2397464592.94
34 177 2394244361.19
16 65 2393422208.71
23 177 2393155597.02
4 9 2392915335.67
44 173 2391805035.84
1 65 2391508738.39
46 169 2389542917.14
44 160 2386340932.84
45 158 2385888482.0
45 128 2384846375.0
4 44 2384820906.58
37 14 2384719969.06
38 93 2384687885.6
17 40 2384680146.5
46 147 2383544307.22
16 23 2383250592.87
38 165 2382361594.87
16 37 2381375180.18
1 143 2381279993.07
37 12 2380454081.7
17 96 2380227300.69
9 97 2379320855.95
15 43 2379297312.63
17 15 2378955250.12
19 140 2377245814.47
48 171 2375576204.56
17 126 2375220187.16
35 176 2374941063.56
42 176 2374537163.04
9 137 2373617825.14
44 95 2373211371.88
24 90 2373047737.78
37 162 2372852495.03
39 19 2371690940.28
11 62 2370416015.44
2 103 2369727820.58
13 60 2369015286.53
14 24 2368523785.5
32 7 2366464749.98
16 103 2364194696.84
44 158 2363153221.8
48 35 2362852589.7
3 67 2362331873.43
42 153 2361316820.2
