1 70 10000
30 1 73.9256383131
48 172 63.0
48 109 61.0737259384
48 56 48.7647413609
1 112 42.0
1 156 34.0587727319
48 28 28.0
48 134 25.0
19 130 19.7989898732
30 34 18.973665961
30 100 18.6815416923
7 175 18.2482875909
11 1 18.0
31 178 17.7200451467
48 155 17.0
1 25 16.5529453572
1 140 16.0
12 58 15.5563491861
48 73 15.0
24 87 14.3178210633
10 94 14.2126704036
1 50 13.6014705087
33 144 13.4536240471
33 77 13.4536240471
28 54 12.6491106407
38 90 12.2065556157
18 168 12.2065556157
30 22 12.0
1 83 12.0
16 32 10.295630141
48 88 10.1980390272
47 124 10.0498756211
40 50 10.0
37 168 10.0
48 144 10.0
40 1 10.0
19 141 9.8488578018
7 33 9.05538513814
33 68 9.0
24 78 9.0
1 99 8.60232526704
17 7 8.48528137424
9 143 8.24621125124
48 7 8.24621125124
24 41 8.0622577483
28 115 8.0622577483
8 20 7.81024967591
26 134 7.61577310586
36 137 7.61577310586
22 68 7.61577310586
22 23 7.61577310586
19 61 7.61577310586
30 152 7.28010988928
46 15 7.28010988928
9 11 7.21110255093
7 64 7.21110255093
10 154 7.07106781187
29 107 7.07106781187
17 72 6.40312423743
39 129 6.32455532034
42 113 6.32455532034
42 40 6.32455532034
36 24 6.32455532034
33 41 6.32455532034
33 94 6.0827625303
3 10 6.0827625303
2 149 6.0827625303
32 47 6.0827625303
42 154 6.0827625303
48 117 6.0
48 164 6.0
48 22 6.0
37 178 6.0
30 127 5.83095189485
21 163 5.83095189485
10 130 5.83095189485
11 70 5.83095189485
44 95 5.65685424949
25 124 5.38516480713
26 60 5.38516480713
26 27 5.38516480713
38 45 5.38516480713
39 10 5.38516480713
40 75 5.09901951359
10 137 5.09901951359
43 104 5.09901951359
23 12 5.09901951359
5 2 5.09901951359
17 27 5.09901951359
32 82 5.09901951359
9 48 5.09901951359
16 95 5.09901951359
9 89 5.09901951359
4 106 5.0
12 41 5.0
4 54 5.0
45 50 5.0
42 166 5.0
35 1 5.0
43 122 4.472135955
17 41 4.472135955
21 55 4.472135955
17 89 4.472135955
42 62 4.472135955
18 17 4.472135955
36 64 4.472135955
35 33 4.472135955
37 5 4.472135955
35 98 4.24264068712
30 65 4.24264068712
19 101 4.12310562562
12 174 4.12310562562
17 124 4.12310562562
17 51 4.12310562562
8 53 4.12310562562
44 46 4.12310562562
47 62 4.12310562562
39 83 4.0
36 54 4.0
1 145 4.0
41 117 4.0
24 73 4.0
14 85 4.0
43 10 4.0
40 56 4.0
38 41 4.0
48 159 4.0
12 45 3.60555127546
4 137 3.60555127546
23 30 3.60555127546
6 170 3.60555127546
14 24 3.60555127546
2 177 3.60555127546
33 26 3.60555127546
31 17 3.60555127546
33 59 3.16227766017
22 159 3.16227766017
13 136 3.16227766017
27 153 3.16227766017
18 78 3.16227766017
12 37 3.16227766017
23 90 3.16227766017
4 144 3.16227766017
39 164 3.16227766017
24 37 3.16227766017
46 11 3.16227766017
35 49 3.16227766017
32 88 3.16227766017
8 60 3.16227766017
33 85 3.16227766017
35 171 3.16227766017
41 157 3.16227766017
41 177 3.16227766017
22 7 3.16227766017
25 81 3.16227766017
31 62 3.0
13 21 3.0
45 56 3.0
1 106 3.0
8 68 3.0
43 99 3.0
48 99 3.0
25 50 3.0
2 88 3.0
48 148 3.0
45 162 3.0
10 85 3.0
31 54 3.0
13 5 3.0
48 176 3.0
48 152 3.0
5 98 2.82842712475
15 132 2.82842712475
6 15 2.82842712475
22 124 2.82842712475
46 93 2.82842712475
29 111 2.82842712475
8 151 2.82842712475
21 39 2.82842712475
25 10 2.82842712475
46 168 2.82842712475
20 5 2.82842712475
16 55 2.82842712475
27 18 2.82842712475
28 32 2.82842712475
48 94 2.2360679775
8 145 2.2360679775
7 99 2.2360679775
34 140 2.2360679775
38 30 2.2360679775
25 154 2.2360679775
3 102 2.2360679775
31 110 2.2360679775
41 13 2.2360679775
31 71 2.2360679775
33 102 2.2360679775
4 92 2.2360679775
6 19 2.2360679775
13 90 2.2360679775
12 152 2.2360679775
39 87 2.2360679775
21 79 2.2360679775
35 83 2.2360679775
18 97 2.2360679775
10 150 2.2360679775
13 34 2.2360679775
36 51 2.2360679775
37 135 2.2360679775
38 65 2.2360679775
25 35 2.2360679775
15 127 2.2360679775
11 52 2.2360679775
38 175 2.2360679775
29 14 2.2360679775
5 51 2.2360679775
39 32 2.2360679775
43 44 2.2360679775
10 18 2.2360679775
16 69 2.2360679775
25 75 2.2360679775
18 4 2.2360679775
30 51 2.2360679775
20 126 2.2360679775
19 29 2.2360679775
41 6 2.2360679775
16 3 2.2360679775
21 45 2.2360679775
9 178 2.2360679775
45 157 2.2360679775
34 169 2.2360679775
25 53 2.2360679775
23 43 2.2360679775
40 35 2.2360679775
21 9 2.2360679775
3 155 2.2360679775
39 4 2.2360679775
33 172 2.2360679775
15 93 2.2360679775
2 53 2.2360679775
14 2 2.2360679775
44 176 2.2360679775
4 174 2.2360679775
41 169 2.2360679775
46 60 2.2360679775
19 8 2.2360679775
21 21 2.2360679775
29 20 2.2360679775
11 96 2.2360679775
9 139 2.0
46 103 2.0
40 73 2.0
27 151 2.0
33 18 2.0
44 112 2.0
37 86 2.0
11 62 2.0
30 49 2.0
10 148 2.0
35 42 2.0
31 103 2.0
4 104 2.0
21 90 2.0
39 63 2.0
18 21 2.0
15 129 2.0
15 88 2.0
22 86 2.0
4 149 2.0
43 102 2.0
42 115 2.0
48 167 2.0
17 30 2.0
35 70 2.0
1 23 2.0
35 76 2.0
11 4 2.0
16 24 2.0
48 103 2.0
48 162 2.0
48 75 2.0
47 65 2.0
8 55 2.0
40 54 2.0
6 95 2.0
14 95 2.0
34 46 2.0
37 39 2.0
33 75 2.0
46 23 2.0
48 71 2.0
14 58 2.0
25 178 2.0
27 178 2.0
48 170 2.0
29 178 2.0
48 106 2.0
23 125 1.41421356237
44 155 1.41421356237
32 96 1.41421356237
13 55 1.41421356237
9 147 1.41421356237
31 149 1.41421356237
32 109 1.41421356237
13 173 1.41421356237
30 104 1.41421356237
28 13 1.41421356237
5 18 1.41421356237
7 150 1.41421356237
5 143 1.41421356237
45 178 1.41421356237
2 137 1.41421356237
45 94 1.41421356237
37 55 1.41421356237
3 93 1.41421356237
42 15 1.41421356237
28 112 1.41421356237
22 75 1.41421356237
6 149 1.41421356237
6 55 1.41421356237
36 89 1.41421356237
19 98 1.41421356237
36 91 1.41421356237
47 9 1.41421356237
35 92 1.41421356237
18 87 1.41421356237
37 52 1.41421356237
7 14 1.41421356237
45 92 1.41421356237
11 129 1.41421356237
18 93 1.41421356237
44 100 1.41421356237
23 38 1.41421356237
8 47 1.41421356237
3 73 1.41421356237
34 93 1.41421356237
3 136 1.41421356237
8 13 1.41421356237
14 29 1.41421356237
13 52 1.41421356237
22 77 1.41421356237
35 138 1.41421356237
15 33 1.41421356237
11 175 1.41421356237
16 125 1.41421356237
22 31 1.41421356237
25 16 1.41421356237
20 24 1.41421356237
5 94 1.41421356237
32 67 1.41421356237
44 14 1.41421356237
15 28 1.41421356237
36 67 1.41421356237
7 3 1.41421356237
28 58 1.41421356237
45 10 1.41421356237
28 52 1.41421356237
23 72 1.41421356237
5 61 1.41421356237
27 113 1.41421356237
3 26 1.41421356237
24 13 1.41421356237
27 175 1.41421356237
24 9 1.41421356237
32 24 1.41421356237
9 56 1.41421356237
31 52 1.41421356237
13 94 1.41421356237
26 176 1.41421356237
42 7 1.41421356237
44 8 1.41421356237
2 72 1.41421356237
23 8 1.41421356237
40 7 1.41421356237
13 25 1.41421356237
28 176 1.41421356237
2 27 1.41421356237
43 175 1.41421356237
45 164 1.41421356237
21 65 1.41421356237
44 165 1.41421356237
32 21 1.41421356237
9 61 1.41421356237
22 11 1.41421356237
41 38 1.41421356237
14 92 1.41421356237
18 90 1.41421356237
32 173 1.41421356237
6 34 1.41421356237
19 128 1.41421356237
18 129 1.41421356237
46 171 1.41421356237
2 84 1.41421356237
17 94 1.41421356237
24 80 1.41421356237
21 6 1.41421356237
20 62 1.41421356237
43 167 1.41421356237
19 18 1.41421356237
30 16 1.41421356237
39 46 1.41421356237
16 6 1.41421356237
32 36 1.41421356237
28 19 1.41421356237
39 170 1.41421356237
31 35 1.41421356237
38 169 1.41421356237
27 112 1.0
25 54 1.0
19 134 1.0
31 38 1.0
18 141 1.0
26 133 1.0
25 34 1.0
36 72 1.0
29 152 1.0
33 103 1.0
15 2 1.0
17 98 1.0
22 70 1.0
36 71 1.0
29 151 1.0
31 82 1.0
34 41 1.0
17 70 1.0
47 103 1.0
11 19 1.0
21 101 1.0
22 66 1.0
10 151 1.0
13 96 1.0
20 65 1.0
33 147 1.0
46 50 1.0
17 96 1.0
25 86 1.0
7 51 1.0
24 75 1.0
23 87 1.0
38 166 1.0
48 165 1.0
30 175 1.0
33 28 1.0
43 112 1.0
12 90 1.0
43 178 1.0
21 164 1.0
1 107 1.0
12 151 1.0
41 154 1.0
17 97 1.0
44 122 1.0
21 5 1.0
40 166 1.0
13 20 1.0
46 177 1.0
32 151 1.0
45 170 1.0
7 31 1.0
47 74 1.0
42 169 1.0
44 169 1.0
45 177 1.0
29 153 1.0
47 104 1.0
23 13 1.0
44 167 1.0
41 155 1.0
20 7 1.0
48 24 1.0
24 76 1.0
1 109 1.0
5 55 1.0
31 150 1.0
40 128 1.0
26 175 1.0
39 42 1.0
32 80 1.0
19 133 1.0
47 171 1.0
42 8 1.0
34 89 1.0
1 146 1.0
16 33 1.0
11 152 1.0
38 43 1.0
36 32 1.0
48 125 1.0
12 46 1.0
41 171 1.0
24 28 1.0
47 143 1.0
25 82 1.0
31 53 1.0
17 167 1.0
44 7 1.0
46 161 1.0
36 36 1.0
47 144 1.0
36 52 1.0
22 39 1.0
3 11 1.0
47 164 1.0
18 167 1.0
32 152 1.0
17 6 1.0
25 74 1.0
47 145 1.0
43 154 1.0
41 74 1.0
34 69 1.0
15 92 1.0
43 123 1.0
24 10 1.0
21 78 1.0
47 161 1.0
20 18 1.0
4 11 1.0
31 55 1.0
41 73 1.0
45 9 1.0
9 137 1.0
47 173 1.0
5 32 1.0
33 69 1.0
48 70 1.0
42 38 1.0
15 30 1.0
1 27 1.0
16 28 1.0
30 153 1.0
20 102 1.0
23 79 1.0
34 81 1.0
11 132 1.0
48 133 1.0
30 18 1.0
40 178 1.0
46 24 1.0
18 19 1.0
31 153 1.0
40 129 1.0
11 176 1.0
21 125 1.0
32 108 1.0
23 85 1.0
42 152 1.0
32 172 1.0
16 50 1.0
23 68 1.0
20 125 1.0
35 40 1.0
1 177 1.0
10 61 1.0
27 152 1.0
42 116 1.0
34 85 1.0
12 132 1.0
44 94 1.0
26 26 1.0
44 161 1.0
29 47 1.0
43 100 1.0
40 62 1.0
40 6 1.0
39 73 1.0
37 174 1.0
39 74 1.0
19 17 1.0
44 162 1.0
43 106 1.0
44 166 1.0
16 93 1.0
8 48 1.0
28 150 1.0
38 167 1.0
23 22 1.0
21 11 1.0
48 156 1.0
40 37 1.0
40 74 1.0
44 111 1.0
3 149 1.0
27 27 1.0
46 178 1.0
3 147 1.0
35 82 1.0
18 100 1.0
30 111 1.0
40 12 1.0
41 35 1.0
25 26 1.0
13 132 1.0
5 142 1.0
3 148 1.0
39 58 1.0
41 116 1.0
15 67 1.0
12 175 1.0
37 67 1.0
37 63 1.0
21 19 1.0
37 166 1.0
12 136 1.0
48 12 1.0
24 50 1.0
13 85 1.0
37 35 1.0
21 68 1.0
38 86 1.0
19 100 1.0
17 8 1.0
17 86 1.0
10 2 1.0
32 62 1.0
39 47 1.0
36 42 1.0
47 24 1.0
15 85 1.0
20 101 1.0
28 17 1.0
2 10 1.0
18 101 1.0
9 60 1.0
28 20 1.0
33 95 1.0
24 43 1.0
40 10 1.0
37 64 1.0
23 71 1.0
8 54 1.0
26 18 1.0
34 98 1.0
25 15 1.0
19 99 1.0
43 101 1.0
27 29 1.0
7 94 1.0
14 132 1.0
12 59 1.0
21 24 1.0
32 23 1.0
18 92 1.0
29 32 1.0
33 89 1.0
36 65 1.0
29 22 1.0
18 99 1.0
21 88 1.0
32 103 1.0
45 57 1.0
36 85 1.0
39 51 1.0
29 150 1.0
6 59 1.0
1 53 1.0
21 87 1.0
10 98 1.0
21 89 1.0
24 89 1.0
38 66 1.0
1 51 1.0
9 91 1.0
42 114 1.0
26 16 1.0
47 66 1.0
24 23 1.0
37 36 1.0
14 6 1.0
5 137 1.0
32 53 1.0
41 166 1.0
4 146 1.0
33 178 1.0
15 5 1.0
27 56 1.0
39 55 1.0
32 51 1.0
9 150 1.0
48 61 1.0
35 35 1.0
4 105 1.0
2 54 1.0
30 19 1.0
42 178 1.0
23 42 1.0
13 4 1.0
26 42 1.0
12 62 1.0
27 32 1.0
32 101 1.0
2 106 1.0
4 51 1.0
43 16 1.0
40 167 1.0
11 18 1.0
17 61 1.0
10 19 1.0
6 172 1.0
19 72 1.0
16 54 1.0
18 91 1.0
38 54 1.0
7 55 1.0
34 65 1.0
17 90 1.0
9 4 1.0
41 114 1.0
16 67 1.0
26 41 1.0
26 58 1.0
6 169 1.0
31 175 1.0
10 149 1.0
34 28 1.0
44 101 1.0
30 33 1.0
14 3 1.0
5 53 1.0
15 60 1.0
33 39 1.0
37 84 1.0
4 145 1.0
2 82 1.0
35 137 1.0
21 162 1.0
20 89 1.0
35 71 1.0
33 70 1.0
41 55 1.0
45 54 1.0
8 175 1.0
25 49 1.0
24 38 1.0
23 70 1.0
22 54 1.0
18 98 1.0
33 45 1.0
48 166 1.0
9 131 1.0
36 50 1.0
42 170 1.0
8 88 1.0
12 36 1.0
3 25 1.0
16 86 1.0
39 57 1.0
46 64 1.0
20 46 1.0
35 44 1.0
45 168 1.0
13 1 1.0
14 69 1.0
39 172 1.0
6 50 1.0
14 129 1.0
5 60 1.0
34 47 1.0
18 20 1.0
39 52 1.0
16 41 1.0
40 168 1.0
6 30 1.0
22 41 1.0
5 148 1.0
9 87 1.0
36 84 1.0
13 95 1.0
16 52 1.0
17 50 1.0
41 8 1.0
18 52 1.0
37 90 1.0
21 54 1.0
20 23 1.0
4 10 1.0
34 27 1.0
35 32 1.0
22 78 1.0
34 70 1.0
17 93 1.0
36 49 1.0
43 169 1.0
9 130 1.0
6 3 1.0
41 53 1.0
34 167 1.0
32 89 1.0
7 67 1.0
14 94 1.0
32 22 1.0
35 45 1.0
18 29 1.0
14 91 1.0
22 90 1.0
46 10 1.0
41 54 1.0
35 84 1.0
19 88 1.0
30 174 1.0
39 54 1.0
23 76 1.0
3 27 1.0
35 168 1.0
15 128 1.0
48 124 1.0
31 174 1.0
2 87 1.0
4 140 1.0
24 178 1.0
38 53 1.0
13 129 1.0
7 174 1.0
4 53 1.0
14 87 1.0
7 66 1.0
25 52 1.0
13 57 1.0
22 46 1.0
7 50 1.0
23 80 1.0
29 52 1.0
9 92 1.0
25 122 1.0
19 132 1.0
25 123 1.0
21 46 1.0
48 11 1.0
39 53 1.0
32 76 1.0
5 52 1.0
14 93 1.0
31 20 1.0
12 129 1.0
32 26 1.0
26 82 1.0
34 170 1.0
39 169 1.0
38 163 1.0
23 89 1.0
15 31 1.0
38 64 1.0
29 51 1.0
10 50 1.0
31 65 1.0
10 70 1.0
9 177 1.0
1 85 1.0
23 77 1.0
12 94 1.0
36 168 1.0
19 131 1.0
46 63 1.0
27 53 1.0
20 39 1.0
26 81 1.0
48 151 1.0
42 10 1.0
40 3 1.0
27 33 1.0
31 67 1.0
14 33 1.0
1 144 1.0
25 176 1.0
10 177 1.0
48 55 1.0
35 169 1.0
43 11 1.0
41 178 1.0
31 172 1.0
9 50 1.0
33 170 1.0
38 4 1.0
19 124 1.0
33 81 1.0
1 143 1.0
28 53 1.0
15 27 1.0
39 3 1.0
8 50 1.0
17 21 1.0
1 72 1.0
19 20 1.0
4 148 1.0
1 89 1.0
47 12 1.0
31 151 1.0
16 68 1.0
9 141 1.0
15 26 1.0
27 30 1.0
31 152 1.0
38 176 1.0
37 169 1.0
39 33 1.0
22 85 1.0
10 131 1.0
36 35 1.0
1 142 1.0
15 126 1.0
39 163 1.0
2 24 1.0
38 168 1.0
38 5 1.0
27 60 1.0
40 11 1.0
4 139 1.0
31 18 1.0
47 162 1.0
22 87 1.0
41 60 1.0
16 89 1.0
5 171 1.0
48 104 1.0
30 150 1.0
25 28 1.0
33 67 1.0
11 89 1.0
5 174 1.0
46 65 1.0
31 107 1.0
34 67 1.0
25 41 1.0
6 35 1.0
17 130 1.0
33 146 1.0
46 167 1.0
35 67 1.0
37 40 1.0
30 151 1.0
38 91 1.0
35 167 1.0
20 9 1.0
23 69 1.0
30 107 1.0
48 161 1.0
1 110 1.0
4 138 1.0
23 78 1.0
22 42 1.0
25 27 1.0
35 23 1.0
8 178 1.0
47 125 1.0
34 40 1.0
40 49 1.0
45 22 1.0
8 51 1.0
19 19 1.0
40 169 1.0
46 164 1.0
31 37 1.0
33 42 1.0
10 49 1.0
1 80 1.0
30 176 1.0
48 98 1.0
40 170 1.0
7 35 1.0
8 93 1.0
3 178 1.0
41 176 1.0
43 46 1.0
1 24 1.0
48 100 1.0
15 69 1.0
32 52 1.0
46 162 1.0
48 149 1.0
3 173 1.0
34 45 1.0
19 5 1.0
31 81 1.0
37 37 1.0
8 56 1.0
1 98 1.0
33 20 1.0
43 45 1.0
46 160 1.0
39 9 1.0
15 86 1.0
27 52 1.0
9 98 1.0
27 58 1.0
37 175 1.0
22 8 1.0
44 177 1.0
33 47 1.0
34 64 1.0
17 74 1.0
5 33 1.0
2 26 1.0
24 79 1.0
27 31 1.0
16 31 1.0
32 145 1.0
6 31 1.0
11 178 1.0
27 176 1.0
48 27 1.0
33 80 1.0
44 45 1.0
18 30 1.0
40 172 1.0
33 79 1.0
43 7 1.0
41 112 1.0
48 76 1.0
39 178 1.0
31 176 1.0
4 155 1.0
28 108 1.0
18 124 1.0
43 8 1.0
5 62 1.0
27 55 1.0
31 173 1.0
17 123 1.0
44 160 1.0
8 1 1.0
30 52 1.0
42 6 1.0
33 1 1.0
14 25 1.0
17 169 1.0
21 8 1.0
42 42 1.0
48 89 1.0
39 176 1.0
30 15 1.0
32 86 1.0
7 96 1.0
44 175 1.0
48 65 1.0
16 15 1.0
39 177 1.0
32 177 1.0
35 48 1.0
43 177 1.0
12 4 1.0
26 52 1.0
7 53 1.0
20 128 1.0
2 50 1.0
10 4 1.0
45 47 1.0
24 8 1.0
25 78 1.0
8 96 1.0
15 3 1.0
45 53 1.0
9 55 1.0
16 16 1.0
24 74 1.0
42 104 1.0
9 54 1.0
28 175 1.0
48 102 1.0
6 51 1.0
48 59 1.0
16 70 1.0
41 113 1.0
9 97 1.0
24 14 1.0
47 169 1.0
47 170 1.0
25 9 1.0
39 11 1.0
47 60 1.0
48 169 1.0
32 174 1.0
17 128 1.0
45 23 1.0
2 175 1.0
21 66 1.0
6 171 1.0
46 170 1.0
42 168 1.0
14 53 1.0
27 59 1.0
33 21 1.0
40 177 1.0
9 62 1.0
28 107 1.0
7 52 1.0
8 52 1.0
25 76 1.0
10 153 1.0
15 95 1.0
15 59 1.0
16 56 1.0
28 56 1.0
5 54 1.0
17 52 1.0
19 89 1.0
11 94 1.0
47 23 1.0
42 175 1.0
9 96 1.0
15 24 1.0
9 64 1.0
18 28 1.0
10 90 1.0
46 154 1.0
41 158 1.0
8 89 1.0
9 85 1.0
43 105 1.0
32 20 1.0
8 177 1.0
6 63 1.0
45 160 1.0
47 156 1.0
42 165 1.0
26 53 1.0
2 23 1.0
9 53 1.0
25 77 1.0
34 77 1.0
6 60 1.0
29 176 1.0
9 21 1.0
11 57 1.0
39 43 1.0
39 44 1.0
22 40 1.0
9 63 1.0
23 40 1.0
2 150 1.0
38 89 1.0
30 17 1.0
35 172 1.0
17 95 1.0
1 88 1.0
34 75 1.0
32 144 1.0
14 54 1.0
23 7 1.0
2 141 1.0
29 56 1.0
19 7 1.0
34 171 1.0
41 7 1.0
47 11 1.0
21 64 1.0
34 76 1.0
35 170 1.0
12 24 1.0
29 53 1.0
25 42 1.0
31 66 1.0
2 71 1.0
6 33 1.0
34 168 1.0
29 54 1.0
44 164 1.0
30 46 1.0
13 24 1.0
6 32 1.0
21 63 1.0
22 10 1.0
27 28 1.0
6 176 1.0
25 177 1.0
26 178 1.0
22 69 1.0
32 84 1.0
46 156 1.0
48 74 1.0
27 177 1.0
36 23 1.0
30 55 1.0
38 44 1.0
41 39 1.0
35 166 1.0
47 72 1.0
44 168 1.0
30 177 1.0
48 29 1.0
45 156 1.0
35 68 1.0
17 28 1.0
9 49 1.0
21 10 1.0
48 8 1.0
20 8 1.0
46 52 1.0
33 46 1.0
10 48 1.0
41 170 1.0
36 166 1.0
40 57 1.0
43 176 1.0
24 77 1.0
11 2 1.0
1 26 1.0
2 176 1.0
17 73 1.0
33 78 1.0
48 143 1.0
40 36 1.0
28 178 1.0
45 161 1.0
23 41 1.0
10 178 1.0
47 73 1.0
41 36 1.0
2 178 1.0
15 94 1.0
15 57 1.0
29 177 1.0
41 61 1.0
36 34 1.0
37 42 1.0
48 175 1.0
32 37 1.0
24 81 1.0
20 20 1.0
10 11 1.0
15 54 1.0
30 23 1.0
32 38 1.0
45 48 1.0
41 156 1.0
42 41 1.0
9 20 1.0
45 52 1.0
46 59 1.0
32 35 1.0
46 155 1.0
39 50 1.0
7 32 1.0
33 171 1.0
32 85 1.0
9 142 1.0
16 26 1.0
8 63 1.0
26 54 1.0
21 7 1.0
18 89 1.0
18 61 1.0
46 51 1.0
47 154 1.0
33 84 1.0
2 85 1.0
18 71 1.0
29 108 1.0
35 24 1.0
3 156 1.0
43 9 1.0
29 55 1.0
5 34 1.0
46 62 1.0
44 49 1.0
24 42 1.0
32 83 1.0
22 43 1.0
41 63 1.0
18 51 1.0
42 111 1.0
4 173 1.0
47 63 1.0
30 20 1.0
7 65 1.0
17 26 1.0
31 101 1.0
19 62 1.0
32 75 1.0
30 35 1.0
39 45 1.0
17 16 1.0
3 54 1.0
31 16 1.0
42 112 1.0
9 12 1.0
2 83 1.0
3 53 1.0
40 55 1.0
14 86 1.0
18 130 1.0
32 41 1.0
20 64 1.0
9 1 1.0
28 31 1.0
41 1 1.0
16 51 1.0
28 18 1.0
30 47 1.0
17 17 1.0
31 23 1.0
40 34 1.0
7 95 1.0
36 63 1.0
1 141 1.0
40 53 1.0
20 61 1.0
44 17 1.0
38 46 1.0
12 2 1.0
26 28 1.0
38 42 1.0
41 167 1.0
11 58 1.0
28 114 1.0
9 93 1.0
42 63 1.0
26 59 1.0
1 81 1.0
29 19 1.0
43 168 1.0
16 7 1.0
6 2 1.0
21 67 1.0
46 22 1.0
23 23 1.0
48 111 1.0
1 49 1.0
7 60 1.0
42 176 1.0
45 18 1.0
37 38 1.0
12 96 1.0
41 37 1.0
44 16 1.0
35 34 1.0
33 145 1.0
34 172 1.0
26 17 1.0
17 129 1.0
28 116 1.0
29 33 1.0
16 27 1.0
15 56 1.0
37 6 1.0
43 166 1.0
7 34 1.0
2 25 1.0
2 156 1.0
3 174 1.0
31 34 1.0
18 128 1.0
13 59 1.0
8 65 1.0
9 90 1.0
8 95 1.0
21 20 1.0
45 15 1.0
17 71 1.0
19 129 1.0
40 171 1.0
10 88 1.0
47 155 1.0
15 55 1.0
31 22 1.0
24 85 1.0
36 6 1.0
6 174 1.0
32 39 1.0
14 56 1.0
46 172 1.0
8 176 1.0
31 46 1.0
35 65 1.0
20 63 1.0
32 81 1.0
36 5 1.0
36 167 1.0
46 61 1.0
9 95 1.0
28 34 1.0
30 66 1.0
17 168 1.0
11 95 1.0
10 93 1.0
16 94 1.0
39 5 1.0
1 139 1.0
40 2 1.0
30 101 1.0
21 23 1.0
31 47 1.0
1 84 1.0
42 39 1.0
14 5 1.0
36 25 1.0
15 6 1.0
27 54 1.0
41 62 1.0
32 46 1.0
13 2 1.0
12 57 1.0
25 80 1.0
47 61 1.0
42 61 1.0
37 41 1.0
20 6 1.0
44 48 1.0
45 49 1.0
33 27 1.0
35 64 1.0
42 153 1.0
18 7 1.0
2 157 1.0
18 18 1.0
18 60 1.0
45 51 1.0
42 167 1.0
41 168 1.0
24 86 1.0
10 95 1.0
44 47 1.0
18 72 1.0
18 8 1.0
7 63 1.0
42 177 1.0
31 100 1.0
28 33 1.0
36 33 1.0
8 64 1.0
33 76 1.0
7 176 1.0
32 178 1.0
19 60 1.0
12 1 1.0
22 67 1.0
31 177 1.0
22 22 1.0
29 21 1.0
28 55 1.0
31 36 1.0
45 17 1.0
34 68 1.0
27 17 1.0
10 97 1.0
48 158 1.0
45 16 1.0
30 21 1.0
32 40 1.0
14 59 1.0
48 154 1.0
14 57 1.0
46 16 1.0
40 52 1.0
20 21 1.0
39 171 1.0
10 1 1.0
40 51 1.0
48 72 1.0
38 170 1.0
21 22 1.0
13 58 1.0
9 88 1.0
8 94 1.0
33 40 1.0
10 96 1.0
10 89 1.0
29 34 1.0
1 113 1.0
48 23 1.0
48 145 1.0
6 175 1.0
37 167 1.0
47 172 1.0
1 82 1.0
9 94 1.0
1 68 1.0
1 157 1.0
29 1 1.0
34 1 1.0
48 135 1.0
38 178 1.0
30 178 1.0
31 1 1.0
48 58 1.0
48 110 1.0
48 173 1.0
48 57 1.0
48 105 1.0
1 71 1.0
1 111 1.0
1 69 1.0
48 107 1.0
48 108 1.0
